 
Ans =
 
 0.1025641025641025641025641025641
 1.6410256410256410256410256410256
 2.5641025641025641025641025641026
 
 
Ans =
 
  1.520623310345624984325818734836
 1.4111292090922745551181180517305
 0.1985899898389732885865615832587
 
 
Ans =
 
  1.9412341363606679596146596532794
 0.77134273798134512675554984640719
 0.89465112330953780243647651301549
 
 
Ans =
 
  1.0673663982031718073570226279383
  1.1911706539925040428840282037621
 0.48352545568502706646763518515559
 
 
Ans =
 
  1.2682542994753823146331018343544
 0.95182152860265603995643627846153
 0.88028063879608631676895975957504
 
 
Ans =
 
 0.95898752929818737201683360288319
  1.0338359204062431178255738650947
 0.96812643747654471467167677246573
 
 
Ans =
 
  1.0017129705084256238122268371222
  1.0000703921137790796362724656696
 0.99717814922309187146461080639942
 
 
Ans =
 
 1.0000014991122132453547095652879
 1.0000014900240178983295121165354
 1.0000000461706652792827935146662
 
 
Ans =
 
 0.99999999999226684264133947702717
  1.0000000000056119473352698942147
  1.0000000000067563792066825622746
 
 
Ans =
 
 0.99999999999999999999998135581714
  1.0000000000000000000000369549818
 0.99999999999999999999998261435131
 
 
Ans =
 
 1.0
 1.0
 1.0
 